0	00001	Kos Pero           	0
0	00002	WebDiP             	1
0	00003	NWTiS              	1
0	00004	Medved Mato        	0
0	00005	Zec Ivo            	0
0	00006	UzDiz              	1
0	00007	Sova Neda          	0
0	00008	Vrana Mila         	0
0	00009	FOI                	1
0	00010	IPI                	1
0	00011	OPS                	1
0	00012	BPBZ               	1
0	00013	IO                 	1
1	00010	00009	0
1	00011	00009	0
1	00012	00009	0
1	00013	00009	0
1	00001	00009	1
1	00002	00010	0
1	00003	00010	0
1	00006	00010	0
1	00004	00002	1
1	00005	00002	1
1	00004	00006	0
1	00007	00002	0
1	00007	00006	0
1	00008	00003	0
0	00100	Apple iPhone       	2
0	00101	Samsung S4       	2
0	00102	Lenovo PC          	2
0	00103	Lenovo tablet      	2
0	00104	Dell Inspiron      	2
0	00105	Kores marker plavi 	2
0	00106	Kores marker crveni	2
0	00107	BenQ               	2
0	00108	Samsung ruksak     	2
0	00104	Dell Inspiron      	2
2	00100	00001	0	1
2	00107	00002	2	0
2	00101	00004	1	1
2	00102	00005	2	2
2	00103	00001	1	2
2	00104	00005	1	0
2	00105	00007	2	2
2	00105	00008	2	1
2	00105	00001	2	0
4 Ivo
0	000011	Pero	1
0	00001	IPI             	1
1	00008	00003	0
2	00105	00001	2	0